5000 0 100 90 5000 5000 5000
15000 0 100 90 5000 5000 5000
35000 0 100 90 5000 5000 5000
5000 0.001 100 90 5000 5000 5000
15000 0.001 100 90 5000 5000 5000
35000 0.001 100 90 5000 5000 5000
5000 0.005 100 90 5000 5000 5000
15000 0.005 100 90 5000 5000 5000
35000 0.005 100 90 5000 5000 5000
5000 0.01 100 90 5000 5000 5000
15000 0.01 100 90 5000 5000 5000
35000 0.01 100 90 5000 5000 5000
5000 0.1 100 90 5000 5000 5000
15000 0.1 100 90 5000 5000 5000
35000 0.1 100 90 5000 5000 5000
5000 0 125 90 5000 5000 5000
15000 0 125 90 5000 5000 5000
35000 0 125 90 5000 5000 5000
5000 0.001 125 90 5000 5000 5000
15000 0.001 125 90 5000 5000 5000
35000 0.001 125 90 5000 5000 5000
5000 0.005 125 90 5000 5000 5000
15000 0.005 125 90 5000 5000 5000
35000 0.005 125 90 5000 5000 5000
5000 0.01 125 90 5000 5000 5000
15000 0.01 125 90 5000 5000 5000
35000 0.01 125 90 5000 5000 5000
5000 0.1 125 90 5000 5000 5000
15000 0.1 125 90 5000 5000 5000
35000 0.1 125 90 5000 5000 5000
5000 0 150 90 5000 5000 5000
15000 0 150 90 5000 5000 5000
35000 0 150 90 5000 5000 5000
5000 0.001 150 90 5000 5000 5000
15000 0.001 150 90 5000 5000 5000
35000 0.001 150 90 5000 5000 5000
5000 0.005 150 90 5000 5000 5000
15000 0.005 150 90 5000 5000 5000
35000 0.005 150 90 5000 5000 5000
5000 0.01 150 90 5000 5000 5000
15000 0.01 150 90 5000 5000 5000
35000 0.01 150 90 5000 5000 5000
5000 0.1 150 90 5000 5000 5000
15000 0.1 150 90 5000 5000 5000
35000 0.1 150 90 5000 5000 5000
5000 0 100 60 5000 5000 5000
15000 0 100 60 5000 5000 5000
35000 0 100 60 5000 5000 5000
5000 0.001 100 60 5000 5000 5000
15000 0.001 100 60 5000 5000 5000
35000 0.001 100 60 5000 5000 5000
5000 0.005 100 60 5000 5000 5000
15000 0.005 100 60 5000 5000 5000
35000 0.005 100 60 5000 5000 5000
5000 0.01 100 60 5000 5000 5000
15000 0.01 100 60 5000 5000 5000
35000 0.01 100 60 5000 5000 5000
5000 0.1 100 60 5000 5000 5000
15000 0.1 100 60 5000 5000 5000
35000 0.1 100 60 5000 5000 5000
5000 0 125 60 5000 5000 5000
15000 0 125 60 5000 5000 5000
35000 0 125 60 5000 5000 5000
5000 0.001 125 60 5000 5000 5000
15000 0.001 125 60 5000 5000 5000
35000 0.001 125 60 5000 5000 5000
5000 0.005 125 60 5000 5000 5000
15000 0.005 125 60 5000 5000 5000
35000 0.005 125 60 5000 5000 5000
5000 0.01 125 60 5000 5000 5000
15000 0.01 125 60 5000 5000 5000
35000 0.01 125 60 5000 5000 5000
5000 0.1 125 60 5000 5000 5000
15000 0.1 125 60 5000 5000 5000
35000 0.1 125 60 5000 5000 5000
5000 0 150 60 5000 5000 5000
15000 0 150 60 5000 5000 5000
35000 0 150 60 5000 5000 5000
5000 0.001 150 60 5000 5000 5000
15000 0.001 150 60 5000 5000 5000
35000 0.001 150 60 5000 5000 5000
5000 0.005 150 60 5000 5000 5000
15000 0.005 150 60 5000 5000 5000
35000 0.005 150 60 5000 5000 5000
5000 0.01 150 60 5000 5000 5000
15000 0.01 150 60 5000 5000 5000
35000 0.01 150 60 5000 5000 5000
5000 0.1 150 60 5000 5000 5000
15000 0.1 150 60 5000 5000 5000
35000 0.1 150 60 5000 5000 5000
5000 0 100 30 5000 5000 5000
15000 0 100 30 5000 5000 5000
35000 0 100 30 5000 5000 5000
5000 0.001 100 30 5000 5000 5000
15000 0.001 100 30 5000 5000 5000
35000 0.001 100 30 5000 5000 5000
5000 0.005 100 30 5000 5000 5000
15000 0.005 100 30 5000 5000 5000
35000 0.005 100 30 5000 5000 5000
5000 0.01 100 30 5000 5000 5000
15000 0.01 100 30 5000 5000 5000
35000 0.01 100 30 5000 5000 5000
5000 0.1 100 30 5000 5000 5000
15000 0.1 100 30 5000 5000 5000
35000 0.1 100 30 5000 5000 5000
5000 0 125 30 5000 5000 5000
15000 0 125 30 5000 5000 5000
35000 0 125 30 5000 5000 5000
5000 0.001 125 30 5000 5000 5000
15000 0.001 125 30 5000 5000 5000
35000 0.001 125 30 5000 5000 5000
5000 0.005 125 30 5000 5000 5000
15000 0.005 125 30 5000 5000 5000
35000 0.005 125 30 5000 5000 5000
5000 0.01 125 30 5000 5000 5000
15000 0.01 125 30 5000 5000 5000
35000 0.01 125 30 5000 5000 5000
5000 0.1 125 30 5000 5000 5000
15000 0.1 125 30 5000 5000 5000
35000 0.1 125 30 5000 5000 5000
5000 0 150 30 5000 5000 5000
15000 0 150 30 5000 5000 5000
35000 0 150 30 5000 5000 5000
5000 0.001 150 30 5000 5000 5000
15000 0.001 150 30 5000 5000 5000
35000 0.001 150 30 5000 5000 5000
5000 0.005 150 30 5000 5000 5000
15000 0.005 150 30 5000 5000 5000
35000 0.005 150 30 5000 5000 5000
5000 0.01 150 30 5000 5000 5000
15000 0.01 150 30 5000 5000 5000
35000 0.01 150 30 5000 5000 5000
5000 0.1 150 30 5000 5000 5000
15000 0.1 150 30 5000 5000 5000
35000 0.1 150 30 5000 5000 5000
5000 0 100 90 15000 5000 5000
15000 0 100 90 15000 5000 5000
35000 0 100 90 15000 5000 5000
5000 0.001 100 90 15000 5000 5000
15000 0.001 100 90 15000 5000 5000
35000 0.001 100 90 15000 5000 5000
5000 0.005 100 90 15000 5000 5000
15000 0.005 100 90 15000 5000 5000
35000 0.005 100 90 15000 5000 5000
5000 0.01 100 90 15000 5000 5000
15000 0.01 100 90 15000 5000 5000
35000 0.01 100 90 15000 5000 5000
5000 0.1 100 90 15000 5000 5000
15000 0.1 100 90 15000 5000 5000
35000 0.1 100 90 15000 5000 5000
5000 0 125 90 15000 5000 5000
15000 0 125 90 15000 5000 5000
35000 0 125 90 15000 5000 5000
5000 0.001 125 90 15000 5000 5000
15000 0.001 125 90 15000 5000 5000
35000 0.001 125 90 15000 5000 5000
5000 0.005 125 90 15000 5000 5000
15000 0.005 125 90 15000 5000 5000
35000 0.005 125 90 15000 5000 5000
5000 0.01 125 90 15000 5000 5000
15000 0.01 125 90 15000 5000 5000
35000 0.01 125 90 15000 5000 5000
5000 0.1 125 90 15000 5000 5000
15000 0.1 125 90 15000 5000 5000
35000 0.1 125 90 15000 5000 5000
5000 0 150 90 15000 5000 5000
15000 0 150 90 15000 5000 5000
35000 0 150 90 15000 5000 5000
5000 0.001 150 90 15000 5000 5000
15000 0.001 150 90 15000 5000 5000
35000 0.001 150 90 15000 5000 5000
5000 0.005 150 90 15000 5000 5000
15000 0.005 150 90 15000 5000 5000
35000 0.005 150 90 15000 5000 5000
5000 0.01 150 90 15000 5000 5000
15000 0.01 150 90 15000 5000 5000
35000 0.01 150 90 15000 5000 5000
5000 0.1 150 90 15000 5000 5000
15000 0.1 150 90 15000 5000 5000
35000 0.1 150 90 15000 5000 5000
5000 0 100 60 15000 5000 5000
15000 0 100 60 15000 5000 5000
35000 0 100 60 15000 5000 5000
5000 0.001 100 60 15000 5000 5000
15000 0.001 100 60 15000 5000 5000
35000 0.001 100 60 15000 5000 5000
5000 0.005 100 60 15000 5000 5000
15000 0.005 100 60 15000 5000 5000
35000 0.005 100 60 15000 5000 5000
5000 0.01 100 60 15000 5000 5000
15000 0.01 100 60 15000 5000 5000
35000 0.01 100 60 15000 5000 5000
5000 0.1 100 60 15000 5000 5000
15000 0.1 100 60 15000 5000 5000
35000 0.1 100 60 15000 5000 5000
5000 0 125 60 15000 5000 5000
15000 0 125 60 15000 5000 5000
35000 0 125 60 15000 5000 5000
5000 0.001 125 60 15000 5000 5000
15000 0.001 125 60 15000 5000 5000
35000 0.001 125 60 15000 5000 5000
5000 0.005 125 60 15000 5000 5000
15000 0.005 125 60 15000 5000 5000
35000 0.005 125 60 15000 5000 5000
5000 0.01 125 60 15000 5000 5000
15000 0.01 125 60 15000 5000 5000
35000 0.01 125 60 15000 5000 5000
5000 0.1 125 60 15000 5000 5000
15000 0.1 125 60 15000 5000 5000
35000 0.1 125 60 15000 5000 5000
5000 0 150 60 15000 5000 5000
15000 0 150 60 15000 5000 5000
35000 0 150 60 15000 5000 5000
5000 0.001 150 60 15000 5000 5000
15000 0.001 150 60 15000 5000 5000
35000 0.001 150 60 15000 5000 5000
5000 0.005 150 60 15000 5000 5000
15000 0.005 150 60 15000 5000 5000
35000 0.005 150 60 15000 5000 5000
5000 0.01 150 60 15000 5000 5000
15000 0.01 150 60 15000 5000 5000
35000 0.01 150 60 15000 5000 5000
5000 0.1 150 60 15000 5000 5000
15000 0.1 150 60 15000 5000 5000
35000 0.1 150 60 15000 5000 5000
5000 0 100 30 15000 5000 5000
15000 0 100 30 15000 5000 5000
35000 0 100 30 15000 5000 5000
5000 0.001 100 30 15000 5000 5000
15000 0.001 100 30 15000 5000 5000
35000 0.001 100 30 15000 5000 5000
5000 0.005 100 30 15000 5000 5000
15000 0.005 100 30 15000 5000 5000
35000 0.005 100 30 15000 5000 5000
5000 0.01 100 30 15000 5000 5000
15000 0.01 100 30 15000 5000 5000
35000 0.01 100 30 15000 5000 5000
5000 0.1 100 30 15000 5000 5000
15000 0.1 100 30 15000 5000 5000
35000 0.1 100 30 15000 5000 5000
5000 0 125 30 15000 5000 5000
15000 0 125 30 15000 5000 5000
35000 0 125 30 15000 5000 5000
5000 0.001 125 30 15000 5000 5000
15000 0.001 125 30 15000 5000 5000
35000 0.001 125 30 15000 5000 5000
5000 0.005 125 30 15000 5000 5000
15000 0.005 125 30 15000 5000 5000
35000 0.005 125 30 15000 5000 5000
5000 0.01 125 30 15000 5000 5000
15000 0.01 125 30 15000 5000 5000
35000 0.01 125 30 15000 5000 5000
5000 0.1 125 30 15000 5000 5000
15000 0.1 125 30 15000 5000 5000
35000 0.1 125 30 15000 5000 5000
5000 0 150 30 15000 5000 5000
15000 0 150 30 15000 5000 5000
35000 0 150 30 15000 5000 5000
5000 0.001 150 30 15000 5000 5000
15000 0.001 150 30 15000 5000 5000
35000 0.001 150 30 15000 5000 5000
5000 0.005 150 30 15000 5000 5000
15000 0.005 150 30 15000 5000 5000
35000 0.005 150 30 15000 5000 5000
5000 0.01 150 30 15000 5000 5000
15000 0.01 150 30 15000 5000 5000
35000 0.01 150 30 15000 5000 5000
5000 0.1 150 30 15000 5000 5000
15000 0.1 150 30 15000 5000 5000
35000 0.1 150 30 15000 5000 5000
5000 0 100 90 35000 5000 5000
15000 0 100 90 35000 5000 5000
35000 0 100 90 35000 5000 5000
5000 0.001 100 90 35000 5000 5000
15000 0.001 100 90 35000 5000 5000
35000 0.001 100 90 35000 5000 5000
5000 0.005 100 90 35000 5000 5000
15000 0.005 100 90 35000 5000 5000
35000 0.005 100 90 35000 5000 5000
5000 0.01 100 90 35000 5000 5000
15000 0.01 100 90 35000 5000 5000
35000 0.01 100 90 35000 5000 5000
5000 0.1 100 90 35000 5000 5000
15000 0.1 100 90 35000 5000 5000
35000 0.1 100 90 35000 5000 5000
5000 0 125 90 35000 5000 5000
15000 0 125 90 35000 5000 5000
35000 0 125 90 35000 5000 5000
5000 0.001 125 90 35000 5000 5000
15000 0.001 125 90 35000 5000 5000
35000 0.001 125 90 35000 5000 5000
5000 0.005 125 90 35000 5000 5000
15000 0.005 125 90 35000 5000 5000
35000 0.005 125 90 35000 5000 5000
5000 0.01 125 90 35000 5000 5000
15000 0.01 125 90 35000 5000 5000
35000 0.01 125 90 35000 5000 5000
5000 0.1 125 90 35000 5000 5000
15000 0.1 125 90 35000 5000 5000
35000 0.1 125 90 35000 5000 5000
5000 0 150 90 35000 5000 5000
15000 0 150 90 35000 5000 5000
35000 0 150 90 35000 5000 5000
5000 0.001 150 90 35000 5000 5000
15000 0.001 150 90 35000 5000 5000
35000 0.001 150 90 35000 5000 5000
5000 0.005 150 90 35000 5000 5000
15000 0.005 150 90 35000 5000 5000
35000 0.005 150 90 35000 5000 5000
5000 0.01 150 90 35000 5000 5000
15000 0.01 150 90 35000 5000 5000
35000 0.01 150 90 35000 5000 5000
5000 0.1 150 90 35000 5000 5000
15000 0.1 150 90 35000 5000 5000
35000 0.1 150 90 35000 5000 5000
5000 0 100 60 35000 5000 5000
15000 0 100 60 35000 5000 5000
35000 0 100 60 35000 5000 5000
5000 0.001 100 60 35000 5000 5000
15000 0.001 100 60 35000 5000 5000
35000 0.001 100 60 35000 5000 5000
5000 0.005 100 60 35000 5000 5000
15000 0.005 100 60 35000 5000 5000
35000 0.005 100 60 35000 5000 5000
5000 0.01 100 60 35000 5000 5000
15000 0.01 100 60 35000 5000 5000
35000 0.01 100 60 35000 5000 5000
5000 0.1 100 60 35000 5000 5000
15000 0.1 100 60 35000 5000 5000
35000 0.1 100 60 35000 5000 5000
5000 0 125 60 35000 5000 5000
15000 0 125 60 35000 5000 5000
35000 0 125 60 35000 5000 5000
5000 0.001 125 60 35000 5000 5000
15000 0.001 125 60 35000 5000 5000
35000 0.001 125 60 35000 5000 5000
5000 0.005 125 60 35000 5000 5000
15000 0.005 125 60 35000 5000 5000
35000 0.005 125 60 35000 5000 5000
5000 0.01 125 60 35000 5000 5000
15000 0.01 125 60 35000 5000 5000
35000 0.01 125 60 35000 5000 5000
5000 0.1 125 60 35000 5000 5000
15000 0.1 125 60 35000 5000 5000
35000 0.1 125 60 35000 5000 5000
5000 0 150 60 35000 5000 5000
15000 0 150 60 35000 5000 5000
35000 0 150 60 35000 5000 5000
5000 0.001 150 60 35000 5000 5000
15000 0.001 150 60 35000 5000 5000
35000 0.001 150 60 35000 5000 5000
5000 0.005 150 60 35000 5000 5000
15000 0.005 150 60 35000 5000 5000
35000 0.005 150 60 35000 5000 5000
5000 0.01 150 60 35000 5000 5000
15000 0.01 150 60 35000 5000 5000
35000 0.01 150 60 35000 5000 5000
5000 0.1 150 60 35000 5000 5000
15000 0.1 150 60 35000 5000 5000
35000 0.1 150 60 35000 5000 5000
5000 0 100 30 35000 5000 5000
15000 0 100 30 35000 5000 5000
35000 0 100 30 35000 5000 5000
5000 0.001 100 30 35000 5000 5000
15000 0.001 100 30 35000 5000 5000
35000 0.001 100 30 35000 5000 5000
5000 0.005 100 30 35000 5000 5000
15000 0.005 100 30 35000 5000 5000
35000 0.005 100 30 35000 5000 5000
5000 0.01 100 30 35000 5000 5000
15000 0.01 100 30 35000 5000 5000
35000 0.01 100 30 35000 5000 5000
5000 0.1 100 30 35000 5000 5000
15000 0.1 100 30 35000 5000 5000
35000 0.1 100 30 35000 5000 5000
5000 0 125 30 35000 5000 5000
15000 0 125 30 35000 5000 5000
35000 0 125 30 35000 5000 5000
5000 0.001 125 30 35000 5000 5000
15000 0.001 125 30 35000 5000 5000
35000 0.001 125 30 35000 5000 5000
5000 0.005 125 30 35000 5000 5000
15000 0.005 125 30 35000 5000 5000
35000 0.005 125 30 35000 5000 5000
5000 0.01 125 30 35000 5000 5000
15000 0.01 125 30 35000 5000 5000
35000 0.01 125 30 35000 5000 5000
5000 0.1 125 30 35000 5000 5000
15000 0.1 125 30 35000 5000 5000
35000 0.1 125 30 35000 5000 5000
5000 0 150 30 35000 5000 5000
15000 0 150 30 35000 5000 5000
35000 0 150 30 35000 5000 5000
5000 0.001 150 30 35000 5000 5000
15000 0.001 150 30 35000 5000 5000
35000 0.001 150 30 35000 5000 5000
5000 0.005 150 30 35000 5000 5000
15000 0.005 150 30 35000 5000 5000
35000 0.005 150 30 35000 5000 5000
5000 0.01 150 30 35000 5000 5000
15000 0.01 150 30 35000 5000 5000
35000 0.01 150 30 35000 5000 5000
5000 0.1 150 30 35000 5000 5000
15000 0.1 150 30 35000 5000 5000
35000 0.1 150 30 35000 5000 5000
5000 0 100 90 5000 5000 3000
15000 0 100 90 5000 5000 3000
35000 0 100 90 5000 5000 3000
5000 0.001 100 90 5000 5000 3000
15000 0.001 100 90 5000 5000 3000
35000 0.001 100 90 5000 5000 3000
5000 0.005 100 90 5000 5000 3000
15000 0.005 100 90 5000 5000 3000
35000 0.005 100 90 5000 5000 3000
5000 0.01 100 90 5000 5000 3000
15000 0.01 100 90 5000 5000 3000
35000 0.01 100 90 5000 5000 3000
5000 0.1 100 90 5000 5000 3000
15000 0.1 100 90 5000 5000 3000
35000 0.1 100 90 5000 5000 3000
5000 0 125 90 5000 5000 3000
15000 0 125 90 5000 5000 3000
35000 0 125 90 5000 5000 3000
5000 0.001 125 90 5000 5000 3000
15000 0.001 125 90 5000 5000 3000
35000 0.001 125 90 5000 5000 3000
5000 0.005 125 90 5000 5000 3000
15000 0.005 125 90 5000 5000 3000
35000 0.005 125 90 5000 5000 3000
5000 0.01 125 90 5000 5000 3000
15000 0.01 125 90 5000 5000 3000
35000 0.01 125 90 5000 5000 3000
5000 0.1 125 90 5000 5000 3000
15000 0.1 125 90 5000 5000 3000
35000 0.1 125 90 5000 5000 3000
5000 0 150 90 5000 5000 3000
15000 0 150 90 5000 5000 3000
35000 0 150 90 5000 5000 3000
5000 0.001 150 90 5000 5000 3000
15000 0.001 150 90 5000 5000 3000
35000 0.001 150 90 5000 5000 3000
5000 0.005 150 90 5000 5000 3000
15000 0.005 150 90 5000 5000 3000
35000 0.005 150 90 5000 5000 3000
5000 0.01 150 90 5000 5000 3000
15000 0.01 150 90 5000 5000 3000
35000 0.01 150 90 5000 5000 3000
5000 0.1 150 90 5000 5000 3000
15000 0.1 150 90 5000 5000 3000
35000 0.1 150 90 5000 5000 3000
5000 0 100 60 5000 5000 3000
15000 0 100 60 5000 5000 3000
35000 0 100 60 5000 5000 3000
5000 0.001 100 60 5000 5000 3000
15000 0.001 100 60 5000 5000 3000
35000 0.001 100 60 5000 5000 3000
5000 0.005 100 60 5000 5000 3000
15000 0.005 100 60 5000 5000 3000
35000 0.005 100 60 5000 5000 3000
5000 0.01 100 60 5000 5000 3000
15000 0.01 100 60 5000 5000 3000
35000 0.01 100 60 5000 5000 3000
5000 0.1 100 60 5000 5000 3000
15000 0.1 100 60 5000 5000 3000
35000 0.1 100 60 5000 5000 3000
5000 0 125 60 5000 5000 3000
15000 0 125 60 5000 5000 3000
35000 0 125 60 5000 5000 3000
5000 0.001 125 60 5000 5000 3000
15000 0.001 125 60 5000 5000 3000
35000 0.001 125 60 5000 5000 3000
5000 0.005 125 60 5000 5000 3000
15000 0.005 125 60 5000 5000 3000
35000 0.005 125 60 5000 5000 3000
5000 0.01 125 60 5000 5000 3000
15000 0.01 125 60 5000 5000 3000
35000 0.01 125 60 5000 5000 3000
5000 0.1 125 60 5000 5000 3000
15000 0.1 125 60 5000 5000 3000
35000 0.1 125 60 5000 5000 3000
5000 0 150 60 5000 5000 3000
15000 0 150 60 5000 5000 3000
35000 0 150 60 5000 5000 3000
5000 0.001 150 60 5000 5000 3000
15000 0.001 150 60 5000 5000 3000
35000 0.001 150 60 5000 5000 3000
5000 0.005 150 60 5000 5000 3000
15000 0.005 150 60 5000 5000 3000
35000 0.005 150 60 5000 5000 3000
5000 0.01 150 60 5000 5000 3000
15000 0.01 150 60 5000 5000 3000
35000 0.01 150 60 5000 5000 3000
5000 0.1 150 60 5000 5000 3000
15000 0.1 150 60 5000 5000 3000
35000 0.1 150 60 5000 5000 3000
5000 0 100 30 5000 5000 3000
15000 0 100 30 5000 5000 3000
35000 0 100 30 5000 5000 3000
5000 0.001 100 30 5000 5000 3000
15000 0.001 100 30 5000 5000 3000
35000 0.001 100 30 5000 5000 3000
5000 0.005 100 30 5000 5000 3000
15000 0.005 100 30 5000 5000 3000
35000 0.005 100 30 5000 5000 3000
5000 0.01 100 30 5000 5000 3000
15000 0.01 100 30 5000 5000 3000
35000 0.01 100 30 5000 5000 3000
5000 0.1 100 30 5000 5000 3000
15000 0.1 100 30 5000 5000 3000
35000 0.1 100 30 5000 5000 3000
5000 0 125 30 5000 5000 3000
15000 0 125 30 5000 5000 3000
35000 0 125 30 5000 5000 3000
5000 0.001 125 30 5000 5000 3000
15000 0.001 125 30 5000 5000 3000
35000 0.001 125 30 5000 5000 3000
5000 0.005 125 30 5000 5000 3000
15000 0.005 125 30 5000 5000 3000
35000 0.005 125 30 5000 5000 3000
5000 0.01 125 30 5000 5000 3000
15000 0.01 125 30 5000 5000 3000
35000 0.01 125 30 5000 5000 3000
5000 0.1 125 30 5000 5000 3000
15000 0.1 125 30 5000 5000 3000
35000 0.1 125 30 5000 5000 3000
5000 0 150 30 5000 5000 3000
15000 0 150 30 5000 5000 3000
35000 0 150 30 5000 5000 3000
5000 0.001 150 30 5000 5000 3000
15000 0.001 150 30 5000 5000 3000
35000 0.001 150 30 5000 5000 3000
5000 0.005 150 30 5000 5000 3000
15000 0.005 150 30 5000 5000 3000
35000 0.005 150 30 5000 5000 3000
5000 0.01 150 30 5000 5000 3000
15000 0.01 150 30 5000 5000 3000
35000 0.01 150 30 5000 5000 3000
5000 0.1 150 30 5000 5000 3000
15000 0.1 150 30 5000 5000 3000
35000 0.1 150 30 5000 5000 3000
5000 0 100 90 15000 5000 3000
15000 0 100 90 15000 5000 3000
35000 0 100 90 15000 5000 3000
5000 0.001 100 90 15000 5000 3000
15000 0.001 100 90 15000 5000 3000
35000 0.001 100 90 15000 5000 3000
5000 0.005 100 90 15000 5000 3000
15000 0.005 100 90 15000 5000 3000
35000 0.005 100 90 15000 5000 3000
5000 0.01 100 90 15000 5000 3000
15000 0.01 100 90 15000 5000 3000
35000 0.01 100 90 15000 5000 3000
5000 0.1 100 90 15000 5000 3000
15000 0.1 100 90 15000 5000 3000
35000 0.1 100 90 15000 5000 3000
5000 0 125 90 15000 5000 3000
15000 0 125 90 15000 5000 3000
35000 0 125 90 15000 5000 3000
5000 0.001 125 90 15000 5000 3000
15000 0.001 125 90 15000 5000 3000
35000 0.001 125 90 15000 5000 3000
5000 0.005 125 90 15000 5000 3000
15000 0.005 125 90 15000 5000 3000
35000 0.005 125 90 15000 5000 3000
5000 0.01 125 90 15000 5000 3000
15000 0.01 125 90 15000 5000 3000
35000 0.01 125 90 15000 5000 3000
5000 0.1 125 90 15000 5000 3000
15000 0.1 125 90 15000 5000 3000
35000 0.1 125 90 15000 5000 3000
5000 0 150 90 15000 5000 3000
15000 0 150 90 15000 5000 3000
35000 0 150 90 15000 5000 3000
5000 0.001 150 90 15000 5000 3000
15000 0.001 150 90 15000 5000 3000
35000 0.001 150 90 15000 5000 3000
5000 0.005 150 90 15000 5000 3000
15000 0.005 150 90 15000 5000 3000
35000 0.005 150 90 15000 5000 3000
5000 0.01 150 90 15000 5000 3000
15000 0.01 150 90 15000 5000 3000
35000 0.01 150 90 15000 5000 3000
5000 0.1 150 90 15000 5000 3000
15000 0.1 150 90 15000 5000 3000
35000 0.1 150 90 15000 5000 3000
5000 0 100 60 15000 5000 3000
15000 0 100 60 15000 5000 3000
35000 0 100 60 15000 5000 3000
5000 0.001 100 60 15000 5000 3000
15000 0.001 100 60 15000 5000 3000
35000 0.001 100 60 15000 5000 3000
5000 0.005 100 60 15000 5000 3000
15000 0.005 100 60 15000 5000 3000
35000 0.005 100 60 15000 5000 3000
5000 0.01 100 60 15000 5000 3000
15000 0.01 100 60 15000 5000 3000
35000 0.01 100 60 15000 5000 3000
5000 0.1 100 60 15000 5000 3000
15000 0.1 100 60 15000 5000 3000
35000 0.1 100 60 15000 5000 3000
5000 0 125 60 15000 5000 3000
15000 0 125 60 15000 5000 3000
35000 0 125 60 15000 5000 3000
5000 0.001 125 60 15000 5000 3000
15000 0.001 125 60 15000 5000 3000
35000 0.001 125 60 15000 5000 3000
5000 0.005 125 60 15000 5000 3000
15000 0.005 125 60 15000 5000 3000
35000 0.005 125 60 15000 5000 3000
5000 0.01 125 60 15000 5000 3000
15000 0.01 125 60 15000 5000 3000
35000 0.01 125 60 15000 5000 3000
5000 0.1 125 60 15000 5000 3000
15000 0.1 125 60 15000 5000 3000
35000 0.1 125 60 15000 5000 3000
5000 0 150 60 15000 5000 3000
15000 0 150 60 15000 5000 3000
35000 0 150 60 15000 5000 3000
5000 0.001 150 60 15000 5000 3000
15000 0.001 150 60 15000 5000 3000
35000 0.001 150 60 15000 5000 3000
5000 0.005 150 60 15000 5000 3000
15000 0.005 150 60 15000 5000 3000
35000 0.005 150 60 15000 5000 3000
5000 0.01 150 60 15000 5000 3000
15000 0.01 150 60 15000 5000 3000
35000 0.01 150 60 15000 5000 3000
5000 0.1 150 60 15000 5000 3000
15000 0.1 150 60 15000 5000 3000
35000 0.1 150 60 15000 5000 3000
5000 0 100 30 15000 5000 3000
15000 0 100 30 15000 5000 3000
35000 0 100 30 15000 5000 3000
5000 0.001 100 30 15000 5000 3000
15000 0.001 100 30 15000 5000 3000
35000 0.001 100 30 15000 5000 3000
5000 0.005 100 30 15000 5000 3000
15000 0.005 100 30 15000 5000 3000
35000 0.005 100 30 15000 5000 3000
5000 0.01 100 30 15000 5000 3000
15000 0.01 100 30 15000 5000 3000
35000 0.01 100 30 15000 5000 3000
5000 0.1 100 30 15000 5000 3000
15000 0.1 100 30 15000 5000 3000
35000 0.1 100 30 15000 5000 3000
5000 0 125 30 15000 5000 3000
15000 0 125 30 15000 5000 3000
35000 0 125 30 15000 5000 3000
5000 0.001 125 30 15000 5000 3000
15000 0.001 125 30 15000 5000 3000
35000 0.001 125 30 15000 5000 3000
5000 0.005 125 30 15000 5000 3000
15000 0.005 125 30 15000 5000 3000
35000 0.005 125 30 15000 5000 3000
5000 0.01 125 30 15000 5000 3000
15000 0.01 125 30 15000 5000 3000
35000 0.01 125 30 15000 5000 3000
5000 0.1 125 30 15000 5000 3000
15000 0.1 125 30 15000 5000 3000
35000 0.1 125 30 15000 5000 3000
5000 0 150 30 15000 5000 3000
15000 0 150 30 15000 5000 3000
35000 0 150 30 15000 5000 3000
5000 0.001 150 30 15000 5000 3000
15000 0.001 150 30 15000 5000 3000
35000 0.001 150 30 15000 5000 3000
5000 0.005 150 30 15000 5000 3000
15000 0.005 150 30 15000 5000 3000
35000 0.005 150 30 15000 5000 3000
5000 0.01 150 30 15000 5000 3000
15000 0.01 150 30 15000 5000 3000
35000 0.01 150 30 15000 5000 3000
5000 0.1 150 30 15000 5000 3000
15000 0.1 150 30 15000 5000 3000
35000 0.1 150 30 15000 5000 3000
5000 0 100 90 35000 5000 3000
15000 0 100 90 35000 5000 3000
35000 0 100 90 35000 5000 3000
5000 0.001 100 90 35000 5000 3000
15000 0.001 100 90 35000 5000 3000
35000 0.001 100 90 35000 5000 3000
5000 0.005 100 90 35000 5000 3000
15000 0.005 100 90 35000 5000 3000
35000 0.005 100 90 35000 5000 3000
5000 0.01 100 90 35000 5000 3000
15000 0.01 100 90 35000 5000 3000
35000 0.01 100 90 35000 5000 3000
5000 0.1 100 90 35000 5000 3000
15000 0.1 100 90 35000 5000 3000
35000 0.1 100 90 35000 5000 3000
5000 0 125 90 35000 5000 3000
15000 0 125 90 35000 5000 3000
35000 0 125 90 35000 5000 3000
5000 0.001 125 90 35000 5000 3000
15000 0.001 125 90 35000 5000 3000
35000 0.001 125 90 35000 5000 3000
5000 0.005 125 90 35000 5000 3000
15000 0.005 125 90 35000 5000 3000
35000 0.005 125 90 35000 5000 3000
5000 0.01 125 90 35000 5000 3000
15000 0.01 125 90 35000 5000 3000
35000 0.01 125 90 35000 5000 3000
5000 0.1 125 90 35000 5000 3000
15000 0.1 125 90 35000 5000 3000
35000 0.1 125 90 35000 5000 3000
5000 0 150 90 35000 5000 3000
15000 0 150 90 35000 5000 3000
35000 0 150 90 35000 5000 3000
5000 0.001 150 90 35000 5000 3000
15000 0.001 150 90 35000 5000 3000
35000 0.001 150 90 35000 5000 3000
5000 0.005 150 90 35000 5000 3000
15000 0.005 150 90 35000 5000 3000
35000 0.005 150 90 35000 5000 3000
5000 0.01 150 90 35000 5000 3000
15000 0.01 150 90 35000 5000 3000
35000 0.01 150 90 35000 5000 3000
5000 0.1 150 90 35000 5000 3000
15000 0.1 150 90 35000 5000 3000
35000 0.1 150 90 35000 5000 3000
5000 0 100 60 35000 5000 3000
15000 0 100 60 35000 5000 3000
35000 0 100 60 35000 5000 3000
5000 0.001 100 60 35000 5000 3000
15000 0.001 100 60 35000 5000 3000
35000 0.001 100 60 35000 5000 3000
5000 0.005 100 60 35000 5000 3000
15000 0.005 100 60 35000 5000 3000
35000 0.005 100 60 35000 5000 3000
5000 0.01 100 60 35000 5000 3000
15000 0.01 100 60 35000 5000 3000
35000 0.01 100 60 35000 5000 3000
5000 0.1 100 60 35000 5000 3000
15000 0.1 100 60 35000 5000 3000
35000 0.1 100 60 35000 5000 3000
5000 0 125 60 35000 5000 3000
15000 0 125 60 35000 5000 3000
35000 0 125 60 35000 5000 3000
5000 0.001 125 60 35000 5000 3000
15000 0.001 125 60 35000 5000 3000
35000 0.001 125 60 35000 5000 3000
5000 0.005 125 60 35000 5000 3000
15000 0.005 125 60 35000 5000 3000
35000 0.005 125 60 35000 5000 3000
5000 0.01 125 60 35000 5000 3000
15000 0.01 125 60 35000 5000 3000
35000 0.01 125 60 35000 5000 3000
5000 0.1 125 60 35000 5000 3000
15000 0.1 125 60 35000 5000 3000
35000 0.1 125 60 35000 5000 3000
5000 0 150 60 35000 5000 3000
15000 0 150 60 35000 5000 3000
35000 0 150 60 35000 5000 3000
5000 0.001 150 60 35000 5000 3000
15000 0.001 150 60 35000 5000 3000
35000 0.001 150 60 35000 5000 3000
5000 0.005 150 60 35000 5000 3000
15000 0.005 150 60 35000 5000 3000
35000 0.005 150 60 35000 5000 3000
5000 0.01 150 60 35000 5000 3000
15000 0.01 150 60 35000 5000 3000
35000 0.01 150 60 35000 5000 3000
5000 0.1 150 60 35000 5000 3000
15000 0.1 150 60 35000 5000 3000
35000 0.1 150 60 35000 5000 3000
5000 0 100 30 35000 5000 3000
15000 0 100 30 35000 5000 3000
35000 0 100 30 35000 5000 3000
5000 0.001 100 30 35000 5000 3000
15000 0.001 100 30 35000 5000 3000
35000 0.001 100 30 35000 5000 3000
5000 0.005 100 30 35000 5000 3000
15000 0.005 100 30 35000 5000 3000
35000 0.005 100 30 35000 5000 3000
5000 0.01 100 30 35000 5000 3000
15000 0.01 100 30 35000 5000 3000
35000 0.01 100 30 35000 5000 3000
5000 0.1 100 30 35000 5000 3000
15000 0.1 100 30 35000 5000 3000
35000 0.1 100 30 35000 5000 3000
5000 0 125 30 35000 5000 3000
15000 0 125 30 35000 5000 3000
35000 0 125 30 35000 5000 3000
5000 0.001 125 30 35000 5000 3000
15000 0.001 125 30 35000 5000 3000
35000 0.001 125 30 35000 5000 3000
5000 0.005 125 30 35000 5000 3000
15000 0.005 125 30 35000 5000 3000
35000 0.005 125 30 35000 5000 3000
5000 0.01 125 30 35000 5000 3000
15000 0.01 125 30 35000 5000 3000
35000 0.01 125 30 35000 5000 3000
5000 0.1 125 30 35000 5000 3000
15000 0.1 125 30 35000 5000 3000
35000 0.1 125 30 35000 5000 3000
5000 0 150 30 35000 5000 3000
15000 0 150 30 35000 5000 3000
35000 0 150 30 35000 5000 3000
5000 0.001 150 30 35000 5000 3000
15000 0.001 150 30 35000 5000 3000
35000 0.001 150 30 35000 5000 3000
5000 0.005 150 30 35000 5000 3000
15000 0.005 150 30 35000 5000 3000
35000 0.005 150 30 35000 5000 3000
5000 0.01 150 30 35000 5000 3000
15000 0.01 150 30 35000 5000 3000
35000 0.01 150 30 35000 5000 3000
5000 0.1 150 30 35000 5000 3000
15000 0.1 150 30 35000 5000 3000
35000 0.1 150 30 35000 5000 3000
5000 0 100 90 5000 5000 1000
15000 0 100 90 5000 5000 1000
35000 0 100 90 5000 5000 1000
5000 0.001 100 90 5000 5000 1000
15000 0.001 100 90 5000 5000 1000
35000 0.001 100 90 5000 5000 1000
5000 0.005 100 90 5000 5000 1000
15000 0.005 100 90 5000 5000 1000
35000 0.005 100 90 5000 5000 1000
5000 0.01 100 90 5000 5000 1000
15000 0.01 100 90 5000 5000 1000
35000 0.01 100 90 5000 5000 1000
5000 0.1 100 90 5000 5000 1000
15000 0.1 100 90 5000 5000 1000
35000 0.1 100 90 5000 5000 1000
5000 0 125 90 5000 5000 1000
15000 0 125 90 5000 5000 1000
35000 0 125 90 5000 5000 1000
5000 0.001 125 90 5000 5000 1000
15000 0.001 125 90 5000 5000 1000
35000 0.001 125 90 5000 5000 1000
5000 0.005 125 90 5000 5000 1000
15000 0.005 125 90 5000 5000 1000
35000 0.005 125 90 5000 5000 1000
5000 0.01 125 90 5000 5000 1000
15000 0.01 125 90 5000 5000 1000
35000 0.01 125 90 5000 5000 1000
5000 0.1 125 90 5000 5000 1000
15000 0.1 125 90 5000 5000 1000
35000 0.1 125 90 5000 5000 1000
5000 0 150 90 5000 5000 1000
15000 0 150 90 5000 5000 1000
35000 0 150 90 5000 5000 1000
5000 0.001 150 90 5000 5000 1000
15000 0.001 150 90 5000 5000 1000
35000 0.001 150 90 5000 5000 1000
5000 0.005 150 90 5000 5000 1000
15000 0.005 150 90 5000 5000 1000
35000 0.005 150 90 5000 5000 1000
5000 0.01 150 90 5000 5000 1000
15000 0.01 150 90 5000 5000 1000
35000 0.01 150 90 5000 5000 1000
5000 0.1 150 90 5000 5000 1000
15000 0.1 150 90 5000 5000 1000
35000 0.1 150 90 5000 5000 1000
5000 0 100 60 5000 5000 1000
15000 0 100 60 5000 5000 1000
35000 0 100 60 5000 5000 1000
5000 0.001 100 60 5000 5000 1000
15000 0.001 100 60 5000 5000 1000
35000 0.001 100 60 5000 5000 1000
5000 0.005 100 60 5000 5000 1000
15000 0.005 100 60 5000 5000 1000
35000 0.005 100 60 5000 5000 1000
5000 0.01 100 60 5000 5000 1000
15000 0.01 100 60 5000 5000 1000
35000 0.01 100 60 5000 5000 1000
5000 0.1 100 60 5000 5000 1000
15000 0.1 100 60 5000 5000 1000
35000 0.1 100 60 5000 5000 1000
5000 0 125 60 5000 5000 1000
15000 0 125 60 5000 5000 1000
35000 0 125 60 5000 5000 1000
5000 0.001 125 60 5000 5000 1000
15000 0.001 125 60 5000 5000 1000
35000 0.001 125 60 5000 5000 1000
5000 0.005 125 60 5000 5000 1000
15000 0.005 125 60 5000 5000 1000
35000 0.005 125 60 5000 5000 1000
5000 0.01 125 60 5000 5000 1000
15000 0.01 125 60 5000 5000 1000
35000 0.01 125 60 5000 5000 1000
5000 0.1 125 60 5000 5000 1000
15000 0.1 125 60 5000 5000 1000
35000 0.1 125 60 5000 5000 1000
5000 0 150 60 5000 5000 1000
15000 0 150 60 5000 5000 1000
35000 0 150 60 5000 5000 1000
5000 0.001 150 60 5000 5000 1000
15000 0.001 150 60 5000 5000 1000
35000 0.001 150 60 5000 5000 1000
5000 0.005 150 60 5000 5000 1000
15000 0.005 150 60 5000 5000 1000
35000 0.005 150 60 5000 5000 1000
5000 0.01 150 60 5000 5000 1000
15000 0.01 150 60 5000 5000 1000
35000 0.01 150 60 5000 5000 1000
5000 0.1 150 60 5000 5000 1000
15000 0.1 150 60 5000 5000 1000
35000 0.1 150 60 5000 5000 1000
5000 0 100 30 5000 5000 1000
15000 0 100 30 5000 5000 1000
35000 0 100 30 5000 5000 1000
5000 0.001 100 30 5000 5000 1000
15000 0.001 100 30 5000 5000 1000
35000 0.001 100 30 5000 5000 1000
5000 0.005 100 30 5000 5000 1000
15000 0.005 100 30 5000 5000 1000
35000 0.005 100 30 5000 5000 1000
5000 0.01 100 30 5000 5000 1000
15000 0.01 100 30 5000 5000 1000
35000 0.01 100 30 5000 5000 1000
5000 0.1 100 30 5000 5000 1000
15000 0.1 100 30 5000 5000 1000
35000 0.1 100 30 5000 5000 1000
5000 0 125 30 5000 5000 1000
15000 0 125 30 5000 5000 1000
35000 0 125 30 5000 5000 1000
5000 0.001 125 30 5000 5000 1000
15000 0.001 125 30 5000 5000 1000
35000 0.001 125 30 5000 5000 1000
5000 0.005 125 30 5000 5000 1000
15000 0.005 125 30 5000 5000 1000
35000 0.005 125 30 5000 5000 1000
5000 0.01 125 30 5000 5000 1000
15000 0.01 125 30 5000 5000 1000
35000 0.01 125 30 5000 5000 1000
5000 0.1 125 30 5000 5000 1000
15000 0.1 125 30 5000 5000 1000
35000 0.1 125 30 5000 5000 1000
5000 0 150 30 5000 5000 1000
15000 0 150 30 5000 5000 1000
35000 0 150 30 5000 5000 1000
5000 0.001 150 30 5000 5000 1000
15000 0.001 150 30 5000 5000 1000
35000 0.001 150 30 5000 5000 1000
5000 0.005 150 30 5000 5000 1000
15000 0.005 150 30 5000 5000 1000
35000 0.005 150 30 5000 5000 1000
5000 0.01 150 30 5000 5000 1000
15000 0.01 150 30 5000 5000 1000
35000 0.01 150 30 5000 5000 1000
5000 0.1 150 30 5000 5000 1000
15000 0.1 150 30 5000 5000 1000
35000 0.1 150 30 5000 5000 1000
5000 0 100 90 15000 5000 1000
15000 0 100 90 15000 5000 1000
35000 0 100 90 15000 5000 1000
5000 0.001 100 90 15000 5000 1000
15000 0.001 100 90 15000 5000 1000
35000 0.001 100 90 15000 5000 1000
5000 0.005 100 90 15000 5000 1000
15000 0.005 100 90 15000 5000 1000
35000 0.005 100 90 15000 5000 1000
5000 0.01 100 90 15000 5000 1000
15000 0.01 100 90 15000 5000 1000
35000 0.01 100 90 15000 5000 1000
5000 0.1 100 90 15000 5000 1000
15000 0.1 100 90 15000 5000 1000
35000 0.1 100 90 15000 5000 1000
5000 0 125 90 15000 5000 1000
15000 0 125 90 15000 5000 1000
35000 0 125 90 15000 5000 1000
5000 0.001 125 90 15000 5000 1000
15000 0.001 125 90 15000 5000 1000
35000 0.001 125 90 15000 5000 1000
5000 0.005 125 90 15000 5000 1000
15000 0.005 125 90 15000 5000 1000
35000 0.005 125 90 15000 5000 1000
5000 0.01 125 90 15000 5000 1000
15000 0.01 125 90 15000 5000 1000
35000 0.01 125 90 15000 5000 1000
5000 0.1 125 90 15000 5000 1000
15000 0.1 125 90 15000 5000 1000
35000 0.1 125 90 15000 5000 1000
5000 0 150 90 15000 5000 1000
15000 0 150 90 15000 5000 1000
35000 0 150 90 15000 5000 1000
5000 0.001 150 90 15000 5000 1000
15000 0.001 150 90 15000 5000 1000
35000 0.001 150 90 15000 5000 1000
5000 0.005 150 90 15000 5000 1000
15000 0.005 150 90 15000 5000 1000
35000 0.005 150 90 15000 5000 1000
5000 0.01 150 90 15000 5000 1000
15000 0.01 150 90 15000 5000 1000
35000 0.01 150 90 15000 5000 1000
5000 0.1 150 90 15000 5000 1000
15000 0.1 150 90 15000 5000 1000
35000 0.1 150 90 15000 5000 1000
5000 0 100 60 15000 5000 1000
15000 0 100 60 15000 5000 1000
35000 0 100 60 15000 5000 1000
5000 0.001 100 60 15000 5000 1000
15000 0.001 100 60 15000 5000 1000
35000 0.001 100 60 15000 5000 1000
5000 0.005 100 60 15000 5000 1000
15000 0.005 100 60 15000 5000 1000
35000 0.005 100 60 15000 5000 1000
5000 0.01 100 60 15000 5000 1000
15000 0.01 100 60 15000 5000 1000
35000 0.01 100 60 15000 5000 1000
5000 0.1 100 60 15000 5000 1000
15000 0.1 100 60 15000 5000 1000
35000 0.1 100 60 15000 5000 1000
5000 0 125 60 15000 5000 1000
15000 0 125 60 15000 5000 1000
35000 0 125 60 15000 5000 1000
5000 0.001 125 60 15000 5000 1000
15000 0.001 125 60 15000 5000 1000
35000 0.001 125 60 15000 5000 1000
5000 0.005 125 60 15000 5000 1000
15000 0.005 125 60 15000 5000 1000
35000 0.005 125 60 15000 5000 1000
5000 0.01 125 60 15000 5000 1000
15000 0.01 125 60 15000 5000 1000
35000 0.01 125 60 15000 5000 1000
5000 0.1 125 60 15000 5000 1000
15000 0.1 125 60 15000 5000 1000
35000 0.1 125 60 15000 5000 1000
5000 0 150 60 15000 5000 1000
15000 0 150 60 15000 5000 1000
35000 0 150 60 15000 5000 1000
5000 0.001 150 60 15000 5000 1000
15000 0.001 150 60 15000 5000 1000
35000 0.001 150 60 15000 5000 1000
5000 0.005 150 60 15000 5000 1000
15000 0.005 150 60 15000 5000 1000
35000 0.005 150 60 15000 5000 1000
5000 0.01 150 60 15000 5000 1000
15000 0.01 150 60 15000 5000 1000
35000 0.01 150 60 15000 5000 1000
5000 0.1 150 60 15000 5000 1000
15000 0.1 150 60 15000 5000 1000
35000 0.1 150 60 15000 5000 1000
5000 0 100 30 15000 5000 1000
15000 0 100 30 15000 5000 1000
35000 0 100 30 15000 5000 1000
5000 0.001 100 30 15000 5000 1000
15000 0.001 100 30 15000 5000 1000
35000 0.001 100 30 15000 5000 1000
5000 0.005 100 30 15000 5000 1000
15000 0.005 100 30 15000 5000 1000
35000 0.005 100 30 15000 5000 1000
5000 0.01 100 30 15000 5000 1000
15000 0.01 100 30 15000 5000 1000
35000 0.01 100 30 15000 5000 1000
5000 0.1 100 30 15000 5000 1000
15000 0.1 100 30 15000 5000 1000
35000 0.1 100 30 15000 5000 1000
5000 0 125 30 15000 5000 1000
15000 0 125 30 15000 5000 1000
35000 0 125 30 15000 5000 1000
5000 0.001 125 30 15000 5000 1000
15000 0.001 125 30 15000 5000 1000
35000 0.001 125 30 15000 5000 1000
5000 0.005 125 30 15000 5000 1000
15000 0.005 125 30 15000 5000 1000
35000 0.005 125 30 15000 5000 1000
5000 0.01 125 30 15000 5000 1000
15000 0.01 125 30 15000 5000 1000
35000 0.01 125 30 15000 5000 1000
5000 0.1 125 30 15000 5000 1000
15000 0.1 125 30 15000 5000 1000
35000 0.1 125 30 15000 5000 1000
5000 0 150 30 15000 5000 1000
15000 0 150 30 15000 5000 1000
35000 0 150 30 15000 5000 1000
5000 0.001 150 30 15000 5000 1000
15000 0.001 150 30 15000 5000 1000
35000 0.001 150 30 15000 5000 1000
5000 0.005 150 30 15000 5000 1000
15000 0.005 150 30 15000 5000 1000
35000 0.005 150 30 15000 5000 1000
5000 0.01 150 30 15000 5000 1000
15000 0.01 150 30 15000 5000 1000
35000 0.01 150 30 15000 5000 1000
5000 0.1 150 30 15000 5000 1000
15000 0.1 150 30 15000 5000 1000
35000 0.1 150 30 15000 5000 1000
5000 0 100 90 35000 5000 1000
15000 0 100 90 35000 5000 1000
35000 0 100 90 35000 5000 1000
5000 0.001 100 90 35000 5000 1000
15000 0.001 100 90 35000 5000 1000
35000 0.001 100 90 35000 5000 1000
5000 0.005 100 90 35000 5000 1000
15000 0.005 100 90 35000 5000 1000
35000 0.005 100 90 35000 5000 1000
5000 0.01 100 90 35000 5000 1000
15000 0.01 100 90 35000 5000 1000
35000 0.01 100 90 35000 5000 1000
5000 0.1 100 90 35000 5000 1000
15000 0.1 100 90 35000 5000 1000
35000 0.1 100 90 35000 5000 1000
5000 0 125 90 35000 5000 1000
15000 0 125 90 35000 5000 1000
35000 0 125 90 35000 5000 1000
5000 0.001 125 90 35000 5000 1000
15000 0.001 125 90 35000 5000 1000
35000 0.001 125 90 35000 5000 1000
5000 0.005 125 90 35000 5000 1000
15000 0.005 125 90 35000 5000 1000
35000 0.005 125 90 35000 5000 1000
5000 0.01 125 90 35000 5000 1000
15000 0.01 125 90 35000 5000 1000
35000 0.01 125 90 35000 5000 1000
5000 0.1 125 90 35000 5000 1000
15000 0.1 125 90 35000 5000 1000
35000 0.1 125 90 35000 5000 1000
5000 0 150 90 35000 5000 1000
15000 0 150 90 35000 5000 1000
35000 0 150 90 35000 5000 1000
5000 0.001 150 90 35000 5000 1000
15000 0.001 150 90 35000 5000 1000
35000 0.001 150 90 35000 5000 1000
5000 0.005 150 90 35000 5000 1000
15000 0.005 150 90 35000 5000 1000
35000 0.005 150 90 35000 5000 1000
5000 0.01 150 90 35000 5000 1000
15000 0.01 150 90 35000 5000 1000
35000 0.01 150 90 35000 5000 1000
5000 0.1 150 90 35000 5000 1000
15000 0.1 150 90 35000 5000 1000
35000 0.1 150 90 35000 5000 1000
5000 0 100 60 35000 5000 1000
15000 0 100 60 35000 5000 1000
35000 0 100 60 35000 5000 1000
5000 0.001 100 60 35000 5000 1000
15000 0.001 100 60 35000 5000 1000
35000 0.001 100 60 35000 5000 1000
5000 0.005 100 60 35000 5000 1000
15000 0.005 100 60 35000 5000 1000
35000 0.005 100 60 35000 5000 1000
5000 0.01 100 60 35000 5000 1000
15000 0.01 100 60 35000 5000 1000
35000 0.01 100 60 35000 5000 1000
5000 0.1 100 60 35000 5000 1000
15000 0.1 100 60 35000 5000 1000
35000 0.1 100 60 35000 5000 1000
5000 0 125 60 35000 5000 1000
15000 0 125 60 35000 5000 1000
35000 0 125 60 35000 5000 1000
5000 0.001 125 60 35000 5000 1000
15000 0.001 125 60 35000 5000 1000
35000 0.001 125 60 35000 5000 1000
5000 0.005 125 60 35000 5000 1000
15000 0.005 125 60 35000 5000 1000
35000 0.005 125 60 35000 5000 1000
5000 0.01 125 60 35000 5000 1000
15000 0.01 125 60 35000 5000 1000
35000 0.01 125 60 35000 5000 1000
5000 0.1 125 60 35000 5000 1000
15000 0.1 125 60 35000 5000 1000
35000 0.1 125 60 35000 5000 1000
5000 0 150 60 35000 5000 1000
15000 0 150 60 35000 5000 1000
35000 0 150 60 35000 5000 1000
5000 0.001 150 60 35000 5000 1000
15000 0.001 150 60 35000 5000 1000
35000 0.001 150 60 35000 5000 1000
5000 0.005 150 60 35000 5000 1000
15000 0.005 150 60 35000 5000 1000
35000 0.005 150 60 35000 5000 1000
5000 0.01 150 60 35000 5000 1000
15000 0.01 150 60 35000 5000 1000
35000 0.01 150 60 35000 5000 1000
5000 0.1 150 60 35000 5000 1000
15000 0.1 150 60 35000 5000 1000
35000 0.1 150 60 35000 5000 1000
5000 0 100 30 35000 5000 1000
15000 0 100 30 35000 5000 1000
35000 0 100 30 35000 5000 1000
5000 0.001 100 30 35000 5000 1000
15000 0.001 100 30 35000 5000 1000
35000 0.001 100 30 35000 5000 1000
5000 0.005 100 30 35000 5000 1000
15000 0.005 100 30 35000 5000 1000
35000 0.005 100 30 35000 5000 1000
5000 0.01 100 30 35000 5000 1000
15000 0.01 100 30 35000 5000 1000
35000 0.01 100 30 35000 5000 1000
5000 0.1 100 30 35000 5000 1000
15000 0.1 100 30 35000 5000 1000
35000 0.1 100 30 35000 5000 1000
5000 0 125 30 35000 5000 1000
15000 0 125 30 35000 5000 1000
35000 0 125 30 35000 5000 1000
5000 0.001 125 30 35000 5000 1000
15000 0.001 125 30 35000 5000 1000
35000 0.001 125 30 35000 5000 1000
5000 0.005 125 30 35000 5000 1000
15000 0.005 125 30 35000 5000 1000
35000 0.005 125 30 35000 5000 1000
5000 0.01 125 30 35000 5000 1000
15000 0.01 125 30 35000 5000 1000
35000 0.01 125 30 35000 5000 1000
5000 0.1 125 30 35000 5000 1000
15000 0.1 125 30 35000 5000 1000
35000 0.1 125 30 35000 5000 1000
5000 0 150 30 35000 5000 1000
15000 0 150 30 35000 5000 1000
35000 0 150 30 35000 5000 1000
5000 0.001 150 30 35000 5000 1000
15000 0.001 150 30 35000 5000 1000
35000 0.001 150 30 35000 5000 1000
5000 0.005 150 30 35000 5000 1000
15000 0.005 150 30 35000 5000 1000
35000 0.005 150 30 35000 5000 1000
5000 0.01 150 30 35000 5000 1000
15000 0.01 150 30 35000 5000 1000
35000 0.01 150 30 35000 5000 1000
5000 0.1 150 30 35000 5000 1000
15000 0.1 150 30 35000 5000 1000
35000 0.1 150 30 35000 5000 1000
